# unix_time, cycles_done, cur_path, paths_total, pending_total, pending_favs, map_size, unique_crashes, unique_hangs, max_depth, execs_per_sec
1573572323, 0, 0, 1, 1, 1, 5.85%, 0, 0, 1, 190.48
1573572333, 0, 0, 11, 11, 1, 6.53%, 0, 0, 2, 30.24
1573572338, 0, 0, 47, 47, 1, 6.74%, 0, 0, 2, 168.15
1573572343, 0, 0, 86, 86, 1, 6.82%, 0, 0, 2, 203.31
1573572348, 0, 0, 95, 95, 1, 6.82%, 0, 0, 2, 227.10
1573572354, 0, 0, 104, 104, 1, 6.82%, 0, 0, 2, 232.51
1573572359, 0, 0, 109, 109, 1, 6.82%, 0, 0, 2, 231.87
1573572364, 0, 0, 115, 115, 1, 6.83%, 0, 0, 2, 229.28
1573572369, 0, 0, 119, 119, 1, 6.84%, 0, 0, 2, 236.31
1573572374, 0, 0, 123, 123, 1, 6.85%, 0, 0, 2, 233.38
1573572379, 0, 0, 126, 126, 1, 6.87%, 0, 0, 2, 229.08
1573572384, 0, 0, 130, 130, 1, 6.88%, 0, 0, 2, 236.17
1573572389, 0, 0, 133, 133, 1, 6.88%, 0, 0, 2, 248.67
1573572394, 0, 0, 139, 139, 1, 6.88%, 0, 0, 2, 250.89
1573572399, 0, 0, 140, 140, 1, 6.89%, 0, 0, 2, 235.55
1573572410, 0, 0, 142, 142, 1, 6.89%, 0, 0, 2, 199.67
1573572415, 0, 0, 144, 144, 1, 6.89%, 0, 0, 2, 226.77
1573572701, 0, 0, 160, 160, 1, 6.99%, 0, 0, 2, 54.18
1573572706, 0, 0, 173, 173, 1, 7.06%, 0, 0, 2, 152.70
1573572722, 0, 0, 175, 175, 1, 7.07%, 0, 0, 2, 244.60
1573572727, 0, 0, 176, 176, 1, 7.07%, 0, 0, 2, 233.38
1573572732, 0, 0, 178, 178, 1, 7.07%, 0, 0, 2, 223.42
1573572773, 0, 0, 179, 179, 1, 7.07%, 0, 0, 2, 226.64
1573573065, 0, 0, 187, 187, 1, 7.10%, 0, 0, 2, 153.24
1573573070, 0, 0, 191, 191, 1, 7.11%, 0, 0, 2, 213.30
1573573085, 0, 0, 192, 192, 1, 7.11%, 0, 0, 2, 236.94
1573573121, 0, 0, 193, 193, 1, 7.11%, 0, 0, 2, 241.78
1573573132, 0, 0, 194, 194, 1, 7.11%, 0, 0, 2, 236.62
1573573414, 0, 0, 197, 197, 1, 7.11%, 0, 0, 2, 225.88
1573573419, 0, 0, 199, 199, 1, 7.11%, 0, 0, 2, 228.37
1573573455, 0, 0, 201, 201, 1, 7.12%, 0, 0, 2, 213.85
1573573460, 0, 0, 211, 211, 1, 7.13%, 0, 0, 2, 206.88
1573573465, 0, 0, 223, 223, 1, 7.13%, 0, 0, 2, 196.58
1573573470, 0, 0, 225, 225, 1, 7.13%, 0, 0, 2, 274.73
1573573475, 0, 0, 241, 241, 1, 7.48%, 0, 0, 2, 44.84
1573573480, 0, 0, 250, 250, 1, 7.52%, 0, 0, 2, 73.51
1573573485, 0, 0, 253, 253, 1, 7.52%, 0, 0, 2, 57.70
1573573490, 0, 0, 261, 261, 1, 7.52%, 0, 0, 2, 164.18
1573573495, 0, 0, 265, 265, 1, 7.52%, 0, 0, 2, 246.02
1573573500, 0, 0, 267, 267, 1, 7.52%, 0, 0, 2, 236.34
1573573521, 0, 0, 268, 268, 1, 7.52%, 0, 0, 2, 247.72
1573573541, 0, 0, 270, 270, 1, 7.52%, 0, 0, 2, 230.25
1573573597, 0, 0, 271, 271, 1, 7.52%, 0, 0, 2, 245.10
1573573607, 0, 0, 272, 272, 1, 7.53%, 0, 0, 2, 258.30
1573573623, 0, 0, 275, 275, 1, 7.54%, 0, 0, 2, 250.46
1573573694, 0, 0, 276, 276, 1, 7.55%, 0, 0, 2, 197.69
1573573735, 0, 0, 277, 277, 1, 7.55%, 0, 0, 2, 245.35
1573573817, 0, 0, 279, 279, 1, 7.57%, 0, 0, 2, 230.62
1573573853, 0, 0, 280, 280, 1, 7.57%, 0, 0, 2, 303.29
1573573858, 0, 0, 281, 281, 1, 7.57%, 0, 0, 2, 307.27
1573573863, 0, 0, 282, 282, 1, 7.57%, 0, 0, 2, 304.12
1573573868, 0, 0, 287, 287, 1, 7.57%, 0, 0, 2, 254.04
1573573873, 0, 0, 288, 288, 1, 7.57%, 0, 0, 2, 260.90
1573573878, 0, 0, 289, 289, 1, 7.57%, 0, 0, 2, 225.72
1573573888, 0, 0, 290, 290, 1, 7.57%, 0, 0, 2, 259.66
1573573894, 0, 0, 291, 291, 1, 7.57%, 0, 0, 2, 277.74
1573573909, 0, 0, 292, 292, 1, 7.58%, 0, 0, 2, 235.27
1573573924, 0, 0, 293, 293, 1, 7.58%, 0, 0, 2, 229.46
1573573990, 0, 0, 300, 300, 1, 7.58%, 0, 0, 2, 147.14
1573573995, 0, 0, 302, 302, 1, 7.58%, 0, 0, 2, 218.62
1573574005, 0, 0, 314, 314, 1, 7.63%, 0, 0, 2, 286.20
1573574010, 0, 0, 315, 315, 1, 7.63%, 0, 0, 2, 276.55
1573574015, 0, 0, 316, 316, 1, 7.64%, 0, 0, 2, 256.14
1573574046, 0, 0, 327, 327, 1, 7.83%, 0, 0, 2, 44.65
1573574051, 0, 0, 329, 329, 1, 7.84%, 0, 0, 2, 200.11
1573574056, 0, 0, 336, 336, 1, 7.86%, 0, 0, 2, 233.94
1573574061, 0, 0, 337, 337, 1, 7.86%, 0, 0, 2, 233.86
1573574066, 0, 0, 339, 339, 1, 7.86%, 0, 0, 2, 236.73
1573574072, 0, 0, 340, 340, 1, 7.86%, 0, 0, 2, 251.54
1573574082, 0, 0, 341, 341, 1, 7.86%, 0, 0, 2, 236.86
1573574092, 0, 0, 342, 342, 1, 7.87%, 0, 0, 2, 218.11
1573574097, 0, 0, 345, 345, 1, 7.87%, 0, 0, 2, 213.53
1573574112, 0, 0, 346, 346, 1, 7.87%, 0, 0, 2, 219.49
1573574127, 0, 0, 347, 347, 1, 7.88%, 0, 0, 2, 218.35
1573574153, 0, 0, 348, 348, 1, 7.88%, 0, 0, 2, 210.80
1573574184, 0, 0, 350, 350, 1, 7.88%, 0, 0, 2, 233.71
1573574194, 0, 0, 351, 351, 1, 7.88%, 0, 0, 2, 238.95
1573574209, 0, 0, 352, 352, 1, 7.88%, 0, 0, 2, 218.80
